_RAJ2000	_DEJ2000	_V	mode	q_mode	cl	SDSS8	m_SDSS8	Im	RA_ICRS	DE_ICRS	zsp	umag	e_umag	gmag	e_gmag	rmag	e_rmag	imag	e_imag	zmag	e_zmag	Q	ObsDate	objID
------------	------------	----------	-	----------	-	----------	----------	----------	----------	----------	--------	------	------	------	------	------	------	------	------	------	------	-	---------	-------------------
000.58230200	+10.32484000	VizieR	1	+	6	J000219.75+101929.4	 	Im	000.582302	+10.324840	 	20.741	0.061	18.079	0.006	16.580	0.006	15.659	0.005	15.150	0.006	3	2008.9968	1237679319089610847
000.56702800	+10.20827800	VizieR	1	+	6	J000216.08+101229.8	 	Im	000.567028	+10.208278	 	17.045	0.009	15.881	0.004	15.420	0.005	15.851	0.006	15.179	0.006	3	2008.9968	1237679319089610755
000.54957600	+10.27510900	VizieR	1	+	6	J000211.89+101630.3	 	Im	000.549576	+10.275109	 	19.505	0.029	17.279	0.005	16.304	0.005	15.930	0.006	15.730	0.007	3	2008.9968	1237679319089545383
000.53787900	+10.29309000	VizieR	1	+	6	J000209.09+101735.1	 	Im	000.537879	+10.293090	 	18.116	0.014	16.877	0.005	16.402	0.005	16.221	0.006	16.150	0.008	3	2008.9968	1237679319089545287
000.52991000	+10.28483400	VizieR	1	+	6	J000207.17+101705.4	 	Im	000.529910	+10.284834	 	18.250	0.015	17.023	0.005	16.551	0.006	16.379	0.006	16.306	0.009	3	2008.9968	1237679319089545285
000.52725400	+10.26018500	VizieR	1	+	6	J000206.54+101536.6	 	Im	000.527254	+10.260185	 	18.722	0.019	16.975	0.005	16.278	0.005	15.997	0.006	15.839	0.007	3	2008.9968	1237679319089545283
000.52074800	+10.20564900	VizieR	1	+	6	J000204.97+101220.3	 	Im	000.520748	+10.205649	 	19.723	0.032	17.337	0.005	16.359	0.006	15.995	0.006	15.796	0.007	3	2008.9968	1237679319089545362
000.51974400	+10.24486300	VizieR	1	+	6	J000204.73+101441.5	 	Im	000.519744	+10.244863	 	17.173	0.010	15.861	0.004	15.349	0.005	15.711	0.005	15.077	0.006	3	2008.9968	1237679319089545280
000.48788300	+10.20510600	VizieR	1	+	6	J000157.09+101218.3	 	Im	000.487883	+10.205106	 	19.426	0.027	17.051	0.005	16.003	0.005	15.619	0.006	15.390	0.007	3	2008.9968	1237679319089545343
000.55094800	+09.82361900	VizieR	1	+	6	J000212.22+094925.0	 	Im	000.550948	+09.823619	 	18.856	0.020	17.494	0.005	16.982	0.006	16.770	0.006	16.664	0.010	3	2008.9968	1237679318552674376
000.55049400	+09.79117600	VizieR	1	+	6	J000212.11+094728.2	 	Im	000.550494	+09.791176	 	17.769	0.012	16.311	0.004	15.726	0.006	15.490	0.006	15.355	0.006	3	2008.9968	1237679318552674373
000.53259200	+09.86940900	VizieR	1	+	6	J000207.82+095209.8	 	Im	000.532592	+09.869409	 	20.792	0.061	18.215	0.007	16.965	0.006	16.445	0.006	16.112	0.008	3	2008.9968	1237679318552674460
000.52799400	+09.79118100	VizieR	1	+	6	J000206.71+094728.2	 	Im	000.527994	+09.791181	 	20.278	0.043	17.899	0.006	16.758	0.006	16.279	0.006	15.987	0.008	3	2008.9968	1237679318552674456
000.51094600	+09.83409600	VizieR	1	+	6	J000202.62+095002.7	 	Im	000.510946	+09.834096	 	17.780	0.012	15.894	0.004	15.158	0.005	14.891	0.006	14.741	0.006	3	2008.9968	1237679318552674361
001.11685000	+10.49661000	VizieR	1	+	6	J000428.04+102947.8	 	Im	001.116850	+10.496610	 	20.836	0.097	18.144	0.007	16.668	0.004	15.392	0.004	14.726	0.005	3	2008.8359	1237678907319910503
001.05987900	+10.49146700	VizieR	1	+	6	J000414.37+102929.2	 	Im	001.059879	+10.491467	 	17.456	0.011	15.770	0.004	15.115	0.004	14.879	0.004	14.756	0.005	3	2008.8359	1237678907319844984
001.02686500	+10.50697800	VizieR	1	+	6	J000406.44+103025.1	 	Im	001.026865	+10.506978	 	17.280	0.010	15.826	0.004	15.267	0.004	15.060	0.004	14.966	0.005	3	2008.8359	1237678907319844960
001.02489300	+10.49918100	VizieR	1	+	6	J000405.97+102957.0	 	Im	001.024893	+10.499181	 	18.694	0.022	16.825	0.004	16.015	0.004	15.704	0.004	15.531	0.006	3	2008.8359	1237678907319844958
000.97131000	+10.50735900	VizieR	1	 	6	J000353.11+103026.4	 	Im	000.971310	+10.507359	 	17.807	0.015	15.699	0.004	15.423	0.012	14.181	0.004	13.881	0.004	3	2008.8359	1237678907319844940
001.33563200	+10.26159600	VizieR	1	+	6	J000520.55+101541.7	 	Im	001.335632	+10.261596	 	17.901	0.013	16.562	0.005	15.981	0.005	15.738	0.005	15.627	0.007	3	2008.9969	1237679319089938435
001.30717000	+10.31269900	VizieR	1	+	6	J000513.72+101845.7	 	Im	001.307170	+10.312699	 	17.345	0.010	15.994	0.004	15.541	0.005	15.381	0.005	15.327	0.006	3	2008.9968	1237679319089872958
001.29358900	+10.35471700	VizieR	1	+	6	J000510.46+102116.9	 	Im	001.293589	+10.354717	 	18.216	0.015	16.589	0.005	16.002	0.005	15.795	0.005	15.701	0.007	3	2008.9968	1237679319089872956
001.27120600	+10.35756100	VizieR	1	+	6	J000505.09+102127.2	 	Im	001.271206	+10.357561	 	18.438	0.016	16.319	0.005	15.539	0.005	15.769	0.006	15.100	0.006	3	2008.9968	1237679319089872953
001.24274300	+10.40548000	VizieR	1	+	6	J000458.25+102419.7	 	Im	001.242743	+10.405480	 	20.496	0.072	17.677	0.006	16.355	0.004	15.810	0.004	15.542	0.006	3	2008.8359	1237678907319976054
001.23535900	+10.37233500	VizieR	1	+	6	J000456.48+102220.4	 	Im	001.235359	+10.372335	 	18.522	0.017	17.140	0.005	16.623	0.005	16.434	0.006	16.332	0.009	3	2008.9968	1237679319089872914
001.22861400	+10.37206800	VizieR	1	+	6	J000454.86+102219.4	 	Im	001.228614	+10.372068	 	20.774	0.065	18.134	0.007	16.878	0.005	16.403	0.006	16.139	0.008	3	2008.9968	1237679319089873007
001.22791200	+10.32187700	VizieR	1	+	6	J000454.69+101918.7	 	Im	001.227912	+10.321877	 	19.099	0.024	17.370	0.005	16.742	0.005	16.522	0.006	16.410	0.009	3	2008.9968	1237679319089872912
001.17185900	+10.30904400	VizieR	1	+	6	J000441.24+101832.5	 	Im	001.171859	+10.309044	 	18.530	0.018	17.351	0.005	16.970	0.006	16.842	0.006	16.794	0.011	3	2008.9968	1237679319089872898
001.16885900	+10.26604600	VizieR	1	+	6	J000440.52+101557.7	 	Im	001.168859	+10.266046	 	20.557	0.055	17.785	0.006	16.315	0.005	15.500	0.005	15.062	0.006	3	2008.9968	1237679319089872966
001.16755700	+10.22818200	VizieR	1	+	6	J000440.21+101341.4	 	Im	001.167557	+10.228182	 	19.352	0.027	17.109	0.005	16.138	0.005	15.793	0.006	15.586	0.007	3	2008.9968	1237679319089872964
001.14909900	+09.60656200	VizieR	1	+	6	J000435.78+093623.6	 	Im	001.149099	+09.606562	 	21.114	0.126	18.409	0.007	16.897	0.005	15.951	0.005	15.428	0.006	3	2008.8359	1237678906246168660
000.92845500	+09.56464400	VizieR	1	+	6	J000342.82+093352.7	 	Im	000.928455	+09.564644	 	17.878	0.014	16.453	0.004	15.795	0.004	15.497	0.005	15.326	0.006	3	2008.8359	1237678906246037551
000.92663500	+09.60589400	VizieR	1	+	6	J000342.39+093621.2	 	Im	000.926635	+09.605894	 	20.620	0.080	17.671	0.005	16.244	0.004	15.610	0.005	15.245	0.006	3	2008.8359	1237678906246037660
000.89456100	+09.56695200	VizieR	1	+	6	J000334.69+093401.0	 	Im	000.894561	+09.566952	 	20.149	0.056	17.471	0.005	16.049	0.004	15.135	0.004	14.634	0.005	3	2008.8359	1237678906246037624
000.88220800	+09.58856800	VizieR	1	+	6	J000331.73+093518.8	 	Im	000.882208	+09.588568	 	19.934	0.049	17.462	0.005	16.344	0.004	15.980	0.005	15.662	0.006	3	2008.8359	1237678906246037616
000.86767300	+09.57134900	VizieR	1	+	6	J000328.24+093416.8	 	Im	000.867673	+09.571349	 	20.971	0.103	17.920	0.006	16.451	0.004	15.587	0.005	15.118	0.005	3	2008.8359	1237678906246037600
000.86212100	+09.57317800	VizieR	1	+	6	J000326.90+093423.4	 	Im	000.862121	+09.573178	 	19.381	0.033	17.667	0.005	16.959	0.005	16.666	0.005	16.491	0.010	3	2008.8359	1237678906246037590
001.38280500	+09.85026300	VizieR	1	+	6	J000531.87+095100.9	 	Im	001.382805	+09.850263	 	21.015	0.077	18.211	0.007	16.778	0.006	16.111	0.006	15.726	0.007	3	2008.9969	1237679318553067668
001.38169500	+09.90306200	VizieR	1	+	6	J000531.60+095411.0	 	Im	001.381695	+09.903062	 	20.637	0.060	17.904	0.006	16.722	0.006	16.292	0.006	16.028	0.008	3	2008.9969	1237679318553067665
001.36848500	+09.80905400	VizieR	1	+	6	J000528.43+094832.5	 	Im	001.368485	+09.809054	 	18.454	0.016	17.200	0.005	16.741	0.006	16.561	0.006	16.463	0.009	3	2008.9969	1237679318553067563
001.35818400	+09.86635300	VizieR	1	+	6	J000525.96+095158.8	 	Im	001.358184	+09.866353	 	18.585	0.017	16.634	0.005	15.953	0.005	15.727	0.006	15.603	0.007	3	2008.9969	1237679318553067543
001.34651700	+09.90308600	VizieR	1	+	6	J000523.16+095411.1	 	Im	001.346517	+09.903086	 	19.545	0.030	17.622	0.006	16.903	0.006	16.621	0.006	16.448	0.009	3	2008.9969	1237679318553067641
001.32564300	+09.90062900	VizieR	1	 	6	J000518.15+095402.2	 	Im	001.325643	+09.900629	 	15.970	0.008	13.970	0.002	16.197	0.015	13.012	0.001	13.855	0.012	3	2008.9969	1237679318553067526
001.30661300	+09.72311700	VizieR	1	+	6	J000513.58+094323.2	 	Im	001.306613	+09.723117	 	18.026	0.015	16.259	0.004	15.471	0.004	15.138	0.004	14.942	0.005	3	2008.8359	1237678906246234162
001.30602400	+09.70782300	VizieR	1	+	6	J000513.44+094228.1	 	Im	001.306024	+09.707823	 	18.569	0.021	17.460	0.005	16.989	0.005	16.795	0.005	16.679	0.011	3	2008.8359	1237678906246234158
001.27462900	+09.71546600	VizieR	1	+	6	J000505.91+094255.6	 	Im	001.274629	+09.715466	 	18.804	0.024	16.682	0.004	15.781	0.004	15.414	0.004	15.264	0.006	3	2008.8359	1237678906246234202
001.26494200	+09.68959400	VizieR	1	+	6	J000503.58+094122.5	 	Im	001.264942	+09.689594	 	18.426	0.020	16.315	0.004	15.439	0.004	15.129	0.004	14.977	0.005	3	2008.8359	1237678906246234117
001.26482200	+09.86311700	VizieR	1	+	6	J000503.55+095147.2	 	Im	001.264822	+09.863117	 	16.665	0.007	15.491	0.004	15.042	0.005	14.884	0.006	14.814	0.006	3	2008.9968	1237679318553002026
001.25003300	+09.74547900	VizieR	1	+	6	J000500.00+094443.7	 	Im	001.250033	+09.745479	 	16.875	0.009	15.596	0.003	15.077	0.004	14.883	0.004	14.808	0.005	3	2008.8359	1237678906246234114
001.24677700	+09.85696700	VizieR	1	+	6	J000459.22+095125.0	 	Im	001.246777	+09.856967	 	17.693	0.011	16.469	0.004	16.031	0.005	15.882	0.006	15.829	0.007	3	2008.9968	1237679318553002022
001.21576200	+09.88662600	VizieR	1	 	6	J000451.78+095311.8	 	Im	001.215762	+09.886626	 	17.244	0.010	15.223	0.004	16.209	0.015	14.278	0.006	14.243	0.006	3	2008.9968	1237679318553002002
001.20162800	+09.83989200	VizieR	1	+	6	J000448.39+095023.6	 	Im	001.201628	+09.839892	 	17.855	0.012	16.663	0.005	16.215	0.006	16.043	0.006	15.961	0.007	3	2008.9968	1237679318553001995
001.17820200	+09.73606000	VizieR	1	+	6	J000442.76+094409.8	 	Im	001.178202	+09.736060	 	17.402	0.011	16.150	0.004	15.672	0.004	15.503	0.004	15.423	0.006	3	2008.8359	1237678906246168615
001.16554100	+09.69572800	VizieR	1	+	6	J000439.73+094144.6	 	Im	001.165541	+09.695728	 	18.642	0.022	17.309	0.005	16.840	0.005	16.699	0.005	16.636	0.010	3	2008.8359	1237678906246168613
000.57995000	+09.94285300	VizieR	1	+	6	J000219.18+095634.2	 	Im	000.579950	+09.942853	 	20.650	0.055	18.068	0.006	16.639	0.006	15.701	0.006	15.184	0.006	3	2008.9968	1237679318552739938
000.57464800	+10.06460300	VizieR	1	+	6	J000217.91+100352.5	 	Im	000.574648	+10.064603	 	20.681	0.087	18.063	0.006	16.751	0.005	16.139	0.005	15.781	0.007	3	2008.8359	1237678906782777448
000.55758200	+09.99815600	VizieR	1	+	6	J000213.82+095953.3	 	Im	000.557582	+09.998156	 	17.843	0.015	16.019	0.003	15.323	0.004	15.064	0.004	14.916	0.005	3	2008.8359	1237678906782777372
000.53921600	+10.13717700	VizieR	1	+	6	J000209.41+100813.8	 	Im	000.539216	+10.137177	 	20.254	0.063	17.584	0.005	16.331	0.004	15.821	0.004	15.538	0.006	3	2008.8359	1237678906782777436
000.52860600	+10.11272300	VizieR	1	+	6	J000206.86+100645.8	 	Im	000.528606	+10.112723	 	18.495	0.021	16.761	0.004	16.063	0.004	15.776	0.004	15.614	0.007	3	2008.8359	1237678906782777367
000.52661400	+10.16404500	VizieR	1	+	6	J000206.38+100950.5	 	Im	000.526614	+10.164045	 	17.107	0.010	15.759	0.003	15.219	0.004	15.018	0.004	14.925	0.005	3	2008.8359	1237678906782777361
000.52461700	+10.08588900	VizieR	1	+	6	J000205.90+100509.2	 	Im	000.524617	+10.085889	 	20.131	0.059	17.245	0.005	15.732	0.004	16.785	0.015	13.427	0.004	3	2008.8359	1237678906782777428
000.52365700	+10.08707000	VizieR	1	+	6	J000205.67+100513.4	 	Im	000.523657	+10.087070	 	18.837	0.026	17.245	0.005	16.593	0.005	16.388	0.005	16.283	0.009	3	2008.8359	1237678906782777429
000.49310800	+10.08474900	VizieR	1	+	6	J000158.34+100505.1	 	Im	000.493108	+10.084749	 	18.964	0.027	16.297	0.004	15.203	0.004	14.806	0.004	14.565	0.005	3	2008.8359	1237678906782777404
000.49175600	+10.08961000	VizieR	1	+	6	J000158.02+100522.6	 	Im	000.491756	+10.089610	 	19.984	0.053	17.219	0.005	16.001	0.004	15.540	0.004	15.274	0.006	3	2008.8359	1237678906782777400
000.48861200	+10.00415600	VizieR	1	+	6	J000157.26+100014.9	 	Im	000.488612	+10.004156	 	17.815	0.014	16.368	0.004	15.788	0.004	15.555	0.004	15.414	0.006	3	2008.8359	1237678906782777346
000.48402900	+09.94160100	VizieR	1	+	6	J000156.16+095629.7	 	Im	000.484029	+09.941601	 	17.952	0.013	16.684	0.005	16.240	0.006	16.092	0.006	16.023	0.008	3	2008.9968	1237679318552674344
001.42539900	+10.15044400	VizieR	1	+	6	J000542.09+100901.6	 	Im	001.425399	+10.150444	 	19.928	0.051	17.123	0.005	15.660	0.004	14.973	0.004	14.575	0.005	3	2008.8359	1237678906783170653
001.40439300	+09.93928100	VizieR	1	+	6	J000537.05+095621.4	 	Im	001.404393	+09.939281	 	18.216	0.014	16.881	0.005	16.368	0.005	16.174	0.006	16.063	0.008	3	2008.9969	1237679318553067585
001.40435200	+10.00473700	VizieR	1	+	6	J000537.04+100017.0	 	Im	001.404352	+10.004737	 	20.337	0.067	17.737	0.006	16.670	0.005	16.215	0.004	15.933	0.008	3	2008.8359	1237678906783170645
001.38925900	+10.01698000	VizieR	1	+	6	J000533.42+100101.1	 	Im	001.389259	+10.016980	 	17.609	0.013	16.561	0.004	16.234	0.004	16.116	0.004	16.056	0.008	3	2008.8359	1237678906783105087
001.38185200	+10.03689800	VizieR	1	+	6	J000531.64+100212.8	 	Im	001.381852	+10.036898	 	18.395	0.019	16.992	0.004	16.416	0.004	16.169	0.004	16.027	0.008	3	2008.8359	1237678906783105082
001.37281200	+10.02025400	VizieR	1	+	6	J000529.47+100112.9	 	Im	001.372812	+10.020254	 	18.506	0.021	17.114	0.004	16.606	0.005	16.423	0.005	16.327	0.009	3	2008.8359	1237678906783105075
001.37238200	+10.06846400	VizieR	1	+	6	J000529.37+100406.4	 	Im	001.372382	+10.068464	 	18.469	0.020	17.018	0.004	16.410	0.004	16.143	0.004	15.991	0.008	3	2008.8359	1237678906783105079
001.36376100	+10.04571600	VizieR	1	+	6	J000527.30+100244.5	 	Im	001.363761	+10.045716	 	17.795	0.014	16.512	0.004	16.039	0.004	15.866	0.004	15.777	0.007	3	2008.8359	1237678906783105070
001.35913600	+09.91180000	VizieR	1	+	6	J000526.19+095442.4	 	Im	001.359136	+09.911800	 	18.999	0.022	17.223	0.005	16.534	0.006	16.256	0.006	16.123	0.008	3	2008.9969	1237679318553067548
001.35807200	+09.95956900	VizieR	1	+	6	J000525.93+095734.4	 	Im	001.358072	+09.959569	 	20.295	0.046	17.412	0.005	16.005	0.005	15.352	0.006	15.002	0.006	3	2008.9969	1237679318553067654
001.35601800	+10.08386700	VizieR	1	+	6	J000525.44+100501.9	 	Im	001.356018	+10.083867	 	20.880	0.102	18.244	0.007	16.785	0.005	15.914	0.004	15.425	0.006	3	2008.8359	1237678906783105157
001.34188800	+10.04036600	VizieR	1	+	6	J000522.05+100225.3	 	Im	001.341888	+10.040366	 	21.257	0.140	18.380	0.007	16.900	0.005	16.075	0.004	15.606	0.007	3	2008.8359	1237678906783105154
001.33746600	+10.14930900	VizieR	1	+	6	J000520.99+100857.5	 	Im	001.337466	+10.149309	 	17.746	0.014	16.580	0.004	16.173	0.004	16.025	0.004	15.969	0.008	3	2008.8359	1237678906783105067
001.30853900	+10.17027900	VizieR	1	+	6	J000514.04+101013.0	 	Im	001.308539	+10.170279	 	20.570	0.081	17.935	0.006	16.546	0.005	15.275	0.004	14.625	0.005	3	2008.8359	1237678906783105136
001.30730500	+09.99773600	VizieR	1	+	6	J000513.75+095951.8	 	Im	001.307305	+09.997736	 	19.074	0.029	17.356	0.005	16.693	0.005	16.443	0.005	16.312	0.009	3	2008.8359	1237678906783105130
001.29564400	+10.12296600	VizieR	1	+	6	J000510.95+100722.6	 	Im	001.295644	+10.122966	 	17.419	0.012	16.034	0.003	15.542	0.004	15.375	0.004	15.316	0.006	3	2008.8359	1237678906783105065
001.29197600	+10.06297800	VizieR	1	+	6	J000510.07+100346.7	 	Im	001.291976	+10.062978	 	20.418	0.074	17.781	0.006	16.396	0.005	15.750	0.004	15.375	0.006	3	2008.8359	1237678906783105122
001.29074400	+09.94920200	VizieR	1	+	6	J000509.77+095657.1	 	Im	001.290744	+09.949202	 	18.341	0.016	17.361	0.005	16.977	0.006	16.822	0.006	16.805	0.010	3	2008.9968	1237679318553002063
001.27872200	+09.90686800	VizieR	1	+	6	J000506.89+095424.7	 	Im	001.278722	+09.906868	 	19.763	0.036	17.468	0.005	16.496	0.006	16.152	0.006	15.973	0.008	3	2008.9968	1237679318553002163
001.26894800	+09.96753600	VizieR	1	+	6	J000504.54+095803.1	 	Im	001.268948	+09.967536	 	18.119	0.014	17.190	0.005	16.840	0.006	16.720	0.006	16.695	0.010	3	2008.9968	1237679318553002030
001.26858300	+10.07923100	VizieR	1	+	6	J000504.46+100445.2	 	Im	001.268583	+10.079231	 	19.333	0.035	16.953	0.004	16.060	0.004	15.768	0.004	15.615	0.007	3	2008.8359	1237678906783105116
001.26855600	+10.06388700	VizieR	1	+	6	J000504.45+100349.9	 	Im	001.268556	+10.063887	 	19.354	0.035	16.706	0.004	15.547	0.004	15.112	0.004	14.883	0.005	3	2008.8359	1237678906783105113
001.26301000	+10.14280600	VizieR	1	+	6	J000503.12+100834.1	 	Im	001.263010	+10.142806	 	18.374	0.019	16.670	0.004	15.992	0.004	15.746	0.004	15.630	0.007	3	2008.8359	1237678906783105043
001.26090000	+10.15282200	VizieR	1	+	6	J000502.61+100910.1	 	Im	001.260900	+10.152822	 	18.474	0.021	17.207	0.005	16.739	0.005	16.595	0.005	16.464	0.010	3	2008.8359	1237678906783105037
001.24767000	+10.12105800	VizieR	1	+	6	J000459.44+100715.8	 	Im	001.247670	+10.121058	 	19.853	0.049	17.040	0.004	15.579	0.004	14.822	0.004	14.409	0.005	3	2008.8359	1237678906783105102
001.23773200	+10.00393400	VizieR	1	+	6	J000457.05+100014.1	 	Im	001.237732	+10.003934	 	19.826	0.049	17.174	0.005	15.779	0.004	15.188	0.004	14.863	0.005	3	2008.8359	1237678906783039630
001.23317300	+10.15273200	VizieR	1	 	6	J000455.96+100909.8	 	Im	001.233173	+10.152732	 	17.603	0.016	15.807	0.005	15.666	0.015	13.294	0.003	13.626	0.007	3	2008.8359	1237678906783039625
001.21255500	+10.11673800	VizieR	1	+	6	J000451.01+100700.2	 	Im	001.212555	+10.116738	 	19.788	0.048	17.686	0.005	16.784	0.005	16.453	0.005	16.252	0.009	3	2008.8359	1237678906783039702
001.20762100	+10.00243100	VizieR	1	+	6	J000449.82+100008.7	 	Im	001.207621	+10.002431	 	18.444	0.020	16.941	0.004	16.262	0.004	15.964	0.005	15.807	0.007	3	2008.8359	1237678906783039621
001.19431000	+10.11989300	VizieR	1	+	6	J000446.63+100711.6	 	Im	001.194310	+10.119893	 	17.577	0.013	16.316	0.004	15.843	0.004	15.669	0.004	15.597	0.007	3	2008.8359	1237678906783039603
001.17821300	+10.03059600	VizieR	1	+	6	J000442.77+100150.1	 	Im	001.178213	+10.030596	 	17.727	0.014	16.639	0.004	16.189	0.004	16.021	0.005	15.939	0.007	3	2008.8359	1237678906783039592
001.17811600	+09.98291300	VizieR	1	 	6	J000442.74+095858.4	 	Im	001.178116	+09.982913	 	20.835	0.107	18.160	0.007	16.909	0.005	16.321	0.005	15.993	0.008	3	2008.8359	1237678906783039689
001.17380800	+10.03850600	VizieR	1	+	6	J000441.71+100218.6	 	Im	001.173808	+10.038506	 	18.361	0.019	17.046	0.004	16.558	0.005	16.374	0.005	16.300	0.009	3	2008.8359	1237678906783039589
001.16009100	+10.28302200	VizieR	1	+	6	J000438.42+101658.8	 	Im	001.160091	+10.283022	 	19.363	0.028	17.372	0.005	16.754	0.006	16.413	0.006	16.203	0.008	3	2008.9968	1237679319089807566
001.14945200	+10.46938400	VizieR	1	+	6	J000435.86+102809.7	 	Im	001.149452	+10.469384	 	17.347	0.011	15.756	0.004	15.130	0.004	14.878	0.004	14.769	0.005	3	2008.8359	1237678907319910459
001.14004400	+10.26889100	VizieR	1	+	6	J000433.61+101608.0	 	Im	001.140044	+10.268891	 	20.904	0.072	18.283	0.007	16.979	0.006	16.428	0.006	16.106	0.008	3	2008.9968	1237679319089807428
001.13992600	+10.27010100	VizieR	1	 	6	J000433.58+101612.3	 	Im	001.139926	+10.270101	 	18.207	0.015	17.012	0.005	16.744	0.005	16.373	0.006	16.298	0.009	3	2008.9968	1237679319089807427
001.12175400	+10.24677200	VizieR	1	+	6	J000429.22+101448.3	 	Im	001.121754	+10.246772	 	17.408	0.010	15.940	0.004	15.381	0.005	15.822	0.004	15.091	0.006	3	2008.9968	1237679319089807407
001.12130900	+10.26839200	VizieR	1	+	6	J000429.11+101606.2	 	Im	001.121309	+10.268392	 	20.245	0.046	17.886	0.006	16.847	0.006	16.466	0.006	16.239	0.008	3	2008.9968	1237679319089807549
001.08047900	+10.22904200	VizieR	1	+	6	J000419.31+101344.5	 	Im	001.080479	+10.229042	 	19.775	0.034	17.248	0.005	15.967	0.005	15.029	0.001	14.024	0.005	3	2008.9968	1237679319089807515
001.07403500	+10.27781800	VizieR	1	+	6	J000417.76+101640.1	 	Im	001.074035	+10.277818	 	19.974	0.038	17.444	0.005	16.001	0.005	15.585	0.005	14.557	0.005	3	2008.9968	1237679319089807509
001.06996300	+10.42270200	VizieR	1	+	6	J000416.79+102521.7	 	Im	001.069963	+10.422702	 	18.854	0.024	17.109	0.005	16.410	0.004	16.148	0.005	15.992	0.007	3	2008.8359	1237678907319845061
001.06374600	+10.45141500	VizieR	1	+	6	J000415.29+102705.0	 	Im	001.063746	+10.451415	 	18.478	0.019	17.408	0.005	16.992	0.005	16.838	0.006	16.761	0.010	3	2008.8359	1237678907319844987
001.05476200	+10.25537600	VizieR	1	+	6	J000413.14+101519.3	 	Im	001.054762	+10.255376	 	17.346	0.010	16.035	0.004	15.498	0.005	15.314	0.005	15.233	0.006	3	2008.9968	1237679319089807384
001.05164200	+10.45609400	VizieR	1	 	6	J000412.39+102721.9	 	Im	001.051642	+10.456094	 	17.740	0.015	15.642	0.004	15.446	0.012	13.964	0.005	13.630	0.005	3	2008.8359	1237678907319844974
001.03642800	+10.31192100	VizieR	1	 	6	J000408.74+101842.9	 	Im	001.036428	+10.311921	 	19.566	0.030	17.777	0.006	16.905	0.005	16.779	0.006	16.646	0.010	3	2008.9968	1237679319089807486
001.02133100	+10.20200700	VizieR	1	+	6	J000405.11+101207.2	 	Im	001.021331	+10.202007	 	20.329	0.047	17.702	0.006	16.316	0.005	15.715	0.005	15.373	0.006	3	2008.9968	1237679319089807470
001.01985800	+10.38347800	VizieR	1	+	6	J000404.76+102300.5	 	Im	001.019858	+10.383478	 	19.897	0.034	17.824	0.006	16.996	0.006	16.679	0.006	16.512	0.009	3	2008.9968	1237679319089807473
001.01089100	+10.46562700	VizieR	1	+	6	J000402.61+102756.2	 	Im	001.010891	+10.465627	 	18.003	0.015	15.989	0.004	15.159	0.004	14.855	0.004	14.694	0.005	3	2008.8359	1237678907319844956
000.98545900	+10.32682900	VizieR	1	+	6	J000356.51+101936.5	 	Im	000.985459	+10.326829	 	20.358	0.048	17.772	0.006	16.319	0.005	15.565	0.005	15.166	0.006	3	2008.9968	1237679319089742070
000.98188800	+10.39806700	VizieR	1	+	6	J000355.65+102353.0	 	Im	000.981888	+10.398067	 	20.392	0.066	17.887	0.006	16.548	0.004	15.253	0.004	14.573	0.005	3	2008.8359	1237678907319845018
000.96933600	+10.40759600	VizieR	1	+	6	J000352.64+102427.3	 	Im	000.969336	+10.407596	 	18.648	0.021	17.040	0.005	16.360	0.004	16.108	0.005	15.966	0.007	3	2008.8359	1237678907319844937
000.96841700	+10.20362800	VizieR	1	+	6	J000352.42+101213.0	 	Im	000.968417	+10.203628	 	18.317	0.016	16.107	0.004	15.209	0.005	15.223	0.001	14.752	0.005	3	2008.9968	1237679319089741891
000.96692300	+10.25457200	VizieR	1	+	6	J000352.06+101516.4	 	Im	000.966923	+10.254572	 	20.326	0.047	17.786	0.006	16.682	0.006	16.279	0.006	16.115	0.008	3	2008.9968	1237679319089742050
000.93762700	+10.33410400	VizieR	1	+	6	J000345.03+102002.7	 	Im	000.937627	+10.334104	 	20.329	0.047	17.843	0.006	16.766	0.005	16.409	0.006	16.211	0.008	3	2008.9968	1237679319089742023
000.93445100	+10.48623200	VizieR	1	+	6	J000344.26+102910.4	 	Im	000.934451	+10.486232	 	18.281	0.017	16.934	0.004	16.388	0.004	16.176	0.005	16.091	0.007	3	2008.8359	1237678907319779415
000.92586700	+10.29760200	VizieR	1	+	6	J000342.20+101751.3	 	Im	000.925867	+10.297602	 	20.568	0.055	17.976	0.006	16.757	0.006	16.300	0.006	16.065	0.008	3	2008.9968	1237679319089742004
000.92460900	+10.38603700	VizieR	1	+	6	J000341.90+102309.7	 	Im	000.924609	+10.386037	 	18.515	0.017	16.696	0.005	15.988	0.005	15.736	0.005	15.597	0.006	3	2008.9968	1237679319089741866
000.91423200	+10.37296100	VizieR	1	+	6	J000339.41+102222.6	 	Im	000.914232	+10.372961	 	21.070	0.077	18.395	0.007	16.938	0.006	16.130	0.005	15.685	0.007	3	2008.9968	1237679319089741963
000.90870100	+10.46223500	VizieR	1	+	6	J000338.08+102744.0	 	Im	000.908701	+10.462235	 	18.587	0.020	17.354	0.005	16.852	0.005	16.654	0.005	16.598	0.010	3	2008.8359	1237678907319779406
000.90221200	+10.36122500	VizieR	1	+	6	J000336.53+102140.4	 	Im	000.902212	+10.361225	 	18.680	0.019	17.262	0.005	16.702	0.005	16.485	0.006	16.386	0.009	3	2008.9968	1237679319089741854
000.89007600	+10.38332200	VizieR	1	+	6	J000333.61+102259.9	 	Im	000.890076	+10.383322	 	18.257	0.015	16.905	0.005	16.369	0.005	16.158	0.005	16.051	0.008	3	2008.9968	1237679319089741846
000.88614500	+10.35386300	VizieR	1	+	6	J000332.67+102113.9	 	Im	000.886145	+10.353863	 	20.031	0.039	17.318	0.005	15.779	0.005	15.601	0.006	14.579	0.005	3	2008.9968	1237679319089741940
000.87046600	+10.38053100	VizieR	1	+	6	J000328.91+102249.9	 	Im	000.870466	+10.380531	 	18.542	0.017	16.964	0.005	16.322	0.005	16.085	0.005	15.968	0.007	3	2008.9968	1237679319089741831
000.87029300	+10.47441900	VizieR	1	+	6	J000328.87+102827.9	 	Im	000.870293	+10.474419	 	18.022	0.015	16.862	0.004	16.416	0.004	16.246	0.005	16.204	0.008	3	2008.8359	1237678907319779394
000.86921500	+10.23490700	VizieR	1	+	6	J000328.61+101405.6	 	Im	000.869215	+10.234907	 	18.002	0.013	16.204	0.004	15.492	0.005	15.219	0.005	15.094	0.006	3	2008.9968	1237679319089741827
000.86552300	+10.46647700	VizieR	1	+	6	J000327.72+102759.3	 	Im	000.865523	+10.466477	 	19.498	0.034	16.806	0.004	15.595	0.004	15.155	0.004	14.956	0.005	3	2008.8359	1237678907319779452
000.85787900	+10.40781600	VizieR	1	+	6	J000325.89+102428.1	 	Im	000.857879	+10.407816	 	18.804	0.023	17.022	0.005	16.279	0.004	15.954	0.004	15.813	0.006	3	2008.8359	1237678907319779384
000.85629700	+10.48534700	VizieR	1	+	6	J000325.51+102907.2	 	Im	000.856297	+10.485347	 	18.286	0.017	16.905	0.004	16.291	0.004	16.043	0.004	15.964	0.007	3	2008.8359	1237678907319779376
000.84034000	+10.24021000	VizieR	1	+	6	J000321.68+101424.7	 	Im	000.840340	+10.240210	 	20.356	0.048	17.851	0.006	16.705	0.005	16.295	0.006	16.060	0.008	3	2008.9968	1237679319089676478
000.83605800	+10.26015400	VizieR	1	+	6	J000320.65+101536.5	 	Im	000.836058	+10.260154	 	20.496	0.052	17.849	0.006	16.312	0.005	15.556	0.005	15.131	0.006	3	2008.9968	1237679319089676469
000.81654500	+10.24718100	VizieR	1	 	6	J000315.97+101449.8	 	Im	000.816545	+10.247181	 	24.636	2.087	18.399	0.016	16.250	0.005	15.037	0.003	15.522	0.011	3	2008.9968	1237679319089676334
000.80158300	+10.40301800	VizieR	1	 	6	J000312.38+102410.8	 	Im	000.801583	+10.403018	 	16.012	0.007	14.998	0.004	15.659	0.012	14.207	0.005	13.880	0.005	3	2008.8359	1237678907319779367
000.79553600	+10.38767300	VizieR	1	+	6	J000310.92+102315.6	 	Im	000.795536	+10.387673	 	18.104	0.014	16.860	0.004	16.398	0.005	16.215	0.006	16.129	0.008	3	2008.9968	1237679319089676322
000.78867600	+10.44062100	VizieR	1	 	6	J000309.28+102626.2	 	Im	000.788676	+10.440621	 	17.229	0.011	15.021	0.005	16.146	0.013	14.787	0.012	13.321	0.005	3	2008.8359	1237678907319779350
000.78433200	+10.39685600	VizieR	1	+	6	J000308.24+102348.6	 	Im	000.784332	+10.396856	 	18.941	0.025	16.805	0.004	15.923	0.004	15.585	0.004	15.400	0.006	3	2008.8359	1237678907319779341
000.75931700	+10.37980900	VizieR	1	+	6	J000302.23+102247.3	 	Im	000.759317	+10.379809	 	20.786	0.063	18.132	0.006	16.717	0.005	16.080	0.005	15.724	0.007	3	2008.9968	1237679319089676416
000.75798100	+10.26030900	VizieR	1	+	6	J000301.91+101537.1	 	Im	000.757981	+10.260309	 	19.883	0.036	17.138	0.005	15.799	0.005	15.266	0.005	14.992	0.006	3	2008.9968	1237679319089676411
000.74258300	+10.42568200	VizieR	1	+	6	J000258.22+102532.4	 	Im	000.742583	+10.425682	 	16.955	0.009	15.522	0.003	15.015	0.003	14.842	0.004	14.799	0.005	3	2008.8359	1237678907319713837
000.69975400	+10.41057000	VizieR	1	+	6	J000247.94+102438.0	 	Im	000.699754	+10.410570	 	20.994	0.097	18.140	0.007	16.888	0.005	16.342	0.005	16.039	0.007	3	2008.8359	1237678907319713915
000.68943900	+10.20439100	VizieR	1	+	6	J000245.46+101215.8	 	Im	000.689439	+10.204391	 	17.104	0.009	15.995	0.004	15.613	0.005	15.425	0.006	15.314	0.007	3	2008.9968	1237679319089610829
000.66304300	+10.20532400	VizieR	1	+	6	J000239.13+101219.1	 	Im	000.663043	+10.205324	 	21.291	0.090	18.557	0.007	16.995	0.006	16.167	0.006	15.704	0.007	3	2008.9968	1237679319089610891
000.65789100	+10.25965500	VizieR	1	+	6	J000237.89+101534.7	 	Im	000.657891	+10.259655	 	17.296	0.010	15.734	0.004	15.122	0.005	15.584	0.004	14.830	0.006	3	2008.9968	1237679319089610813
000.65156100	+10.20432400	VizieR	1	+	6	J000236.37+101215.5	 	Im	000.651561	+10.204324	 	17.327	0.010	15.888	0.004	15.429	0.005	16.000	0.004	15.074	0.006	3	2008.9968	1237679319089610811
000.64700600	+10.19845700	VizieR	1	+	6	J000235.28+101154.4	 	Im	000.647006	+10.198457	 	19.176	0.024	17.303	0.005	16.485	0.005	16.198	0.006	16.036	0.008	3	2008.9968	1237679319089610809
000.63478000	+10.21088600	VizieR	1	+	6	J000232.34+101239.1	 	Im	000.634780	+10.210886	 	18.799	0.020	17.484	0.005	16.907	0.006	16.695	0.006	16.600	0.010	3	2008.9968	1237679319089610798
000.62201200	+10.20068400	VizieR	1	+	6	J000229.28+101202.4	 	Im	000.622012	+10.200684	 	17.001	0.009	15.816	0.004	15.351	0.005	15.877	0.004	15.114	0.006	3	2008.9968	1237679319089610781
000.60365100	+10.22734200	VizieR	1	+	6	J000224.87+101338.4	 	Im	000.603651	+10.227342	 	19.084	0.023	16.535	0.004	15.236	0.005	15.042	0.001	14.354	0.006	3	2008.9968	1237679319089610776
000.59536700	+10.32142900	VizieR	1	+	6	J000222.88+101917.1	 	Im	000.595367	+10.321429	 	18.207	0.015	16.647	0.004	16.081	0.005	15.883	0.006	15.788	0.007	3	2008.9968	1237679319089610767
000.59330900	+10.29123000	VizieR	1	+	6	J000222.39+101728.4	 	Im	000.593309	+10.291230	 	20.294	0.046	17.725	0.006	16.567	0.006	16.147	0.006	15.898	0.007	3	2008.9968	1237679319089610857
001.16219200	+09.69073900	VizieR	1	+	6	J000438.92+094126.6	 	Im	001.162192	+09.690739	 	20.053	0.055	17.436	0.005	16.225	0.004	15.775	0.005	15.515	0.006	3	2008.8359	1237678906246168664
001.15697900	+09.79804900	VizieR	1	+	6	J000437.67+094752.9	 	Im	001.156979	+09.798049	 	18.301	0.015	16.803	0.005	16.194	0.006	15.928	0.006	15.798	0.007	3	2008.9968	1237679318552936597
001.15014100	+09.75375600	VizieR	1	+	6	J000436.03+094513.5	 	Im	001.150141	+09.753756	 	18.664	0.022	17.469	0.005	16.995	0.005	16.840	0.006	16.754	0.011	3	2008.8359	1237678906246168610
001.12165700	+09.81497600	VizieR	1	+	6	J000429.19+094853.9	 	Im	001.121657	+09.814976	 	17.037	0.009	15.671	0.004	15.198	0.005	15.012	0.006	14.933	0.005	3	2008.9968	1237679318552936541
001.11930200	+09.61725500	VizieR	1	+	6	J000428.63+093702.1	 	Im	001.119302	+09.617255	 	17.760	0.014	16.492	0.004	15.986	0.004	15.790	0.005	15.711	0.007	3	2008.8359	1237678906246168588
001.09245400	+09.65870000	VizieR	1	+	6	J000422.18+093931.3	 	Im	001.092454	+09.658700	 	19.223	0.031	16.900	0.004	15.965	0.004	15.591	0.005	15.362	0.006	3	2008.8359	1237678906246103229
001.07603400	+09.77172600	VizieR	1	+	6	J000418.24+094618.2	 	Im	001.076034	+09.771726	 	19.476	0.028	17.555	0.006	16.795	0.006	16.470	0.006	16.313	0.008	3	2008.9968	1237679318552936639
001.07580100	+09.76362400	VizieR	1	+	6	J000418.19+094549.0	 	Im	001.075801	+09.763624	 	18.105	0.016	16.492	0.004	15.838	0.004	15.571	0.005	15.437	0.006	3	2008.8359	1237678906246103103
001.07546500	+09.73155200	VizieR	1	 	6	J000418.11+094353.5	 	Im	001.075465	+09.731552	 	17.168	0.011	15.207	0.004	15.455	0.012	16.736	0.017	13.671	0.005	3	2008.8359	1237678906246103099
001.07446200	+09.79318900	VizieR	1	+	6	J000417.87+094735.4	 	Im	001.074462	+09.793189	 	19.237	0.024	16.504	0.005	15.323	0.005	14.877	0.006	14.615	0.005	3	2008.9968	1237679318552936499
001.07187900	+09.67526300	VizieR	1	+	6	J000417.25+094030.9	 	Im	001.071879	+09.675263	 	20.752	0.091	17.983	0.006	16.729	0.005	16.248	0.005	15.959	0.007	3	2008.8359	1237678906246103199
001.06850800	+09.66003200	VizieR	1	+	6	J000416.44+093936.1	 	Im	001.068508	+09.660032	 	18.528	0.020	16.175	0.004	15.107	0.004	14.640	0.004	14.338	0.004	3	2008.8359	1237678906246103094
001.06483900	+09.64501300	VizieR	1	+	6	J000415.56+093842.0	 	Im	001.064839	+09.645013	 	19.310	0.033	16.772	0.004	15.709	0.004	15.321	0.004	15.080	0.005	3	2008.8359	1237678906246103193
001.04719400	+09.85777300	VizieR	1	+	6	J000411.32+095127.9	 	Im	001.047194	+09.857773	 	19.687	0.031	17.536	0.006	16.705	0.006	16.391	0.006	16.190	0.008	3	2008.9968	1237679318552936620
001.04289200	+09.69533200	VizieR	1	+	6	J000410.29+094143.2	 	Im	001.042892	+09.695332	 	20.818	0.094	17.927	0.006	16.401	0.004	15.551	0.005	15.050	0.005	3	2008.8359	1237678906246103185
001.04017300	+09.67783700	VizieR	1	+	6	J000409.64+094040.2	 	Im	001.040173	+09.677837	 	17.438	0.011	15.758	0.003	15.096	0.004	14.825	0.004	14.646	0.005	3	2008.8359	1237678906246103087
001.03725400	+09.73145900	VizieR	1	+	6	J000408.94+094353.2	 	Im	001.037254	+09.731459	 	19.723	0.043	17.023	0.004	15.609	0.004	14.441	0.004	13.855	0.004	3	2008.8359	1237678906246103181
001.03283300	+09.88938700	VizieR	1	+	6	J000407.88+095321.7	 	Im	001.032833	+09.889387	 	18.716	0.019	16.256	0.005	15.193	0.005	14.815	0.005	14.594	0.005	3	2008.9968	1237679318552936468
001.02790600	+09.75285100	VizieR	1	+	6	J000406.69+094510.2	 	Im	001.027906	+09.752851	 	17.776	0.013	16.430	0.004	15.892	0.004	15.693	0.005	15.595	0.006	3	2008.8359	1237678906246103084
000.99355000	+09.84195700	VizieR	1	+	6	J000358.45+095031.0	 	Im	000.993550	+09.841957	 	19.460	0.027	17.505	0.006	16.640	0.006	16.280	0.006	16.227	0.008	3	2008.9968	1237679318552871047
000.98345500	+09.74269300	VizieR	1	+	6	J000356.02+094433.7	 	Im	000.983455	+09.742693	 	20.829	0.095	18.047	0.006	16.649	0.005	16.042	0.005	15.687	0.007	3	2008.8359	1237678906246103149
000.98257700	+09.67716400	VizieR	1	+	6	J000355.81+094037.7	 	Im	000.982577	+09.677164	 	18.913	0.025	16.762	0.004	15.932	0.004	15.658	0.005	15.491	0.006	3	2008.8359	1237678906246103146
000.97229200	+09.73792600	VizieR	1	+	6	J000353.35+094416.5	 	Im	000.972292	+09.737926	 	20.936	0.102	18.171	0.007	16.673	0.005	15.717	0.005	15.204	0.006	3	2008.8359	1237678906246103133
000.96829700	+09.86201500	VizieR	1	+	6	J000352.39+095143.2	 	Im	000.968297	+09.862015	 	18.296	0.015	16.446	0.005	15.706	0.006	15.415	0.006	15.281	0.006	3	2008.9968	1237679318552870973
000.96795400	+09.71064200	VizieR	1	+	6	J000352.30+094238.3	 	Im	000.967954	+09.710642	 	19.058	0.028	17.258	0.005	16.465	0.004	16.149	0.005	15.947	0.007	3	2008.8359	1237678906246103131
000.96711500	+09.65613100	VizieR	1	+	6	J000352.10+093922.0	 	Im	000.967115	+09.656131	 	20.656	0.082	17.835	0.006	16.393	0.004	15.806	0.005	15.447	0.006	3	2008.8359	1237678906246103129
000.96346500	+09.70253200	VizieR	1	+	6	J000351.23+094209.1	 	Im	000.963465	+09.702532	 	19.811	0.045	17.097	0.005	15.631	0.004	14.808	0.004	14.344	0.005	3	2008.8359	1237678906246103119
000.96148300	+09.79736700	VizieR	1	+	6	J000350.75+094750.5	 	Im	000.961483	+09.797367	 	16.939	0.008	15.908	0.004	15.543	0.005	15.405	0.006	15.348	0.006	3	2008.9968	1237679318552870970
000.94948200	+09.79669500	VizieR	1	+	6	J000347.87+094748.1	 	Im	000.949482	+09.796695	 	18.683	0.018	16.834	0.005	16.069	0.006	15.776	0.006	15.607	0.006	3	2008.9968	1237679318552870957
000.94531400	+09.82444600	VizieR	1	+	6	J000346.87+094928.0	 	Im	000.945314	+09.824446	 	17.732	0.011	15.801	0.004	15.021	0.005	14.726	0.006	14.561	0.005	3	2008.9968	1237679318552870950
000.94304800	+09.79501400	VizieR	1	+	6	J000346.33+094742.0	 	Im	000.943048	+09.795014	 	20.730	0.058	18.033	0.006	16.718	0.006	16.194	0.006	15.888	0.007	3	2008.9968	1237679318552871019
000.93980800	+09.68329700	VizieR	1	+	6	J000345.55+094059.8	 	Im	000.939808	+09.683297	 	18.993	0.026	17.319	0.005	16.606	0.005	16.336	0.005	16.176	0.008	3	2008.8359	1237678906246037665
000.93184000	+09.85493400	VizieR	1	+	6	J000343.64+095117.7	 	Im	000.931840	+09.854934	 	20.589	0.052	17.731	0.006	16.314	0.006	15.713	0.006	15.369	0.006	3	2008.9968	1237679318552871015
000.91913800	+09.73351000	VizieR	1	+	6	J000340.59+094400.6	 	Im	000.919138	+09.733510	 	17.876	0.014	16.613	0.004	16.131	0.004	15.960	0.005	15.872	0.007	3	2008.8359	1237678906246037549
000.91344800	+09.74478700	VizieR	1	+	6	J000339.22+094441.2	 	Im	000.913448	+09.744787	 	18.227	0.017	16.530	0.004	15.838	0.004	15.583	0.005	15.444	0.006	3	2008.8359	1237678906246037545
000.87855800	+09.84807700	VizieR	1	+	6	J000330.85+095053.0	 	Im	000.878558	+09.848077	 	19.753	0.032	16.980	0.005	15.661	0.005	15.096	0.005	14.716	0.005	3	2008.9968	1237679318552870990
000.86640800	+09.71595300	VizieR	1	+	6	J000327.93+094257.4	 	Im	000.866408	+09.715953	 	19.999	0.050	17.301	0.005	16.012	0.004	15.485	0.004	15.141	0.005	3	2008.8359	1237678906246037609
000.86215800	+09.63143800	VizieR	1	+	6	J000326.91+093753.1	 	Im	000.862158	+09.631438	 	20.283	0.061	17.567	0.005	16.301	0.004	15.804	0.005	15.522	0.006	3	2008.8359	1237678906246037594
000.85980900	+09.64084700	VizieR	1	+	6	J000326.35+093827.0	 	Im	000.859809	+09.640847	 	17.615	0.012	15.815	0.003	15.099	0.004	14.836	0.004	14.692	0.005	3	2008.8359	1237678906246037529
000.85944200	+09.77461600	VizieR	1	+	6	J000326.26+094628.6	 	Im	000.859442	+09.774616	 	19.990	0.037	17.485	0.005	16.397	0.006	15.859	0.005	15.747	0.007	3	2008.9968	1237679318552805561
000.85349900	+09.70225200	VizieR	1	+	6	J000324.84+094208.1	 	Im	000.853499	+09.702252	 	19.235	0.030	17.508	0.005	16.818	0.005	16.545	0.005	16.403	0.009	3	2008.8359	1237678906246037588
000.84252600	+09.74597000	VizieR	1	+	6	J000322.20+094445.4	 	Im	000.842526	+09.745970	 	18.922	0.025	17.275	0.005	16.605	0.004	16.387	0.005	16.292	0.009	3	2008.8359	1237678906246037585
000.82726600	+09.74875400	VizieR	1	+	6	J000318.54+094455.5	 	Im	000.827266	+09.748754	 	19.045	0.027	16.925	0.004	16.034	0.004	15.698	0.004	15.551	0.006	3	2008.8359	1237678906246037578
000.81606500	+09.75864100	VizieR	1	+	6	J000315.85+094531.1	 	Im	000.816065	+09.758641	 	18.202	0.017	16.758	0.004	16.161	0.004	15.950	0.005	15.824	0.007	3	2008.8359	1237678906246037508
000.81172300	+09.78965100	VizieR	1	+	6	J000314.81+094722.7	 	Im	000.811723	+09.789651	 	18.829	0.019	17.220	0.005	16.588	0.006	16.362	0.006	16.220	0.008	3	2008.9968	1237679318552805447
000.78663800	+09.79561300	VizieR	1	+	6	J000308.79+094744.2	 	Im	000.786638	+09.795613	 	17.789	0.012	16.000	0.004	15.263	0.005	15.007	0.006	14.830	0.006	3	2008.9968	1237679318552805436
000.77150900	+09.62906600	VizieR	1	+	6	J000305.16+093744.6	 	Im	000.771509	+09.629066	 	19.587	0.038	17.272	0.005	16.304	0.004	15.957	0.005	15.775	0.007	3	2008.8359	1237678906245972131
000.75656100	+09.85183900	VizieR	1	+	6	J000301.57+095106.6	 	Im	000.756561	+09.851839	 	18.398	0.016	17.047	0.004	16.536	0.006	16.355	0.006	16.239	0.008	3	2008.9968	1237679318552805433
000.74986900	+09.88573600	VizieR	1	+	6	J000259.96+095308.6	 	Im	000.749869	+09.885736	 	20.728	0.058	17.938	0.006	16.459	0.006	15.772	0.006	15.369	0.007	3	2008.9968	1237679318552805486
000.74450900	+09.76330600	VizieR	1	+	6	J000258.68+094547.9	 	Im	000.744509	+09.763306	 	20.762	0.062	18.076	0.006	16.847	0.006	16.389	0.006	16.061	0.008	3	2008.9968	1237679318552805475
000.73974700	+09.89656700	VizieR	1	+	6	J000257.53+095347.6	 	Im	000.739747	+09.896567	 	17.218	0.009	15.882	0.004	15.413	0.005	15.239	0.006	15.162	0.006	3	2008.9968	1237679318552805396
000.73965200	+09.74995100	VizieR	1	+	6	J000257.51+094459.8	 	Im	000.739652	+09.749951	 	18.114	0.016	16.081	0.004	15.190	0.004	14.839	0.004	14.638	0.005	3	2008.8359	1237678906245972000
000.73205300	+09.84173300	VizieR	1	 	6	J000255.69+095030.2	 	Im	000.732053	+09.841733	 	19.736	0.032	17.735	0.006	16.864	0.006	16.503	0.006	16.295	0.008	3	2008.9968	1237679318552805391
000.70515800	+09.83096100	VizieR	1	+	6	J000249.23+094951.4	 	Im	000.705158	+09.830961	 	18.842	0.019	16.506	0.004	15.600	0.005	15.293	0.006	15.106	0.006	3	2008.9968	1237679318552739916
000.69483500	+09.64679500	VizieR	1	+	6	J000246.76+093848.4	 	Im	000.694835	+09.646795	 	20.151	0.055	17.955	0.006	16.970	0.005	16.589	0.005	16.361	0.009	3	2008.8359	1237678906245972071
000.68833200	+09.76711900	VizieR	1	+	6	J000245.20+094601.6	 	Im	000.688332	+09.767119	 	19.252	0.024	17.695	0.005	16.997	0.006	16.682	0.006	16.498	0.009	3	2008.9968	1237679318552739914
000.64954100	+09.84248400	VizieR	1	+	6	J000235.89+095032.9	 	Im	000.649541	+09.842484	 	18.674	0.018	16.674	0.004	15.878	0.005	15.566	0.006	15.397	0.006	3	2008.9968	1237679318552739884
000.63110400	+09.77408100	VizieR	1	+	6	J000231.46+094626.6	 	Im	000.631104	+09.774081	 	17.551	0.010	15.813	0.004	15.110	0.005	14.851	0.006	14.709	0.006	3	2008.9968	1237679318552739869
000.59802300	+09.89203600	VizieR	1	 	6	J000223.52+095331.3	 	Im	000.598023	+09.892036	 	16.331	0.008	15.178	0.005	16.110	0.014	16.634	0.016	14.214	0.007	3	2008.9968	1237679318552739847
000.59730200	+09.70611700	VizieR	1	+	6	J000223.35+094222.0	 	Im	000.597302	+09.706117	 	17.818	0.014	16.395	0.004	15.745	0.004	15.504	0.004	15.366	0.006	3	2008.8359	1237678906245906476
000.59664000	+09.88850900	VizieR	1	+	6	J000223.19+095318.6	 	Im	000.596640	+09.888509	 	17.553	0.011	16.178	0.004	15.599	0.005	15.366	0.006	15.228	0.006	3	2008.9968	1237679318552739848
000.59335400	+09.75707400	VizieR	1	+	6	J000222.40+094525.4	 	Im	000.593354	+09.757074	 	19.320	0.032	17.021	0.004	16.053	0.004	15.696	0.004	15.464	0.006	3	2008.8359	1237678906245906559
000.58927500	+09.72997100	VizieR	1	+	6	J000221.42+094347.9	 	Im	000.589275	+09.729971	 	20.928	0.097	18.007	0.006	16.793	0.005	16.313	0.005	16.019	0.008	3	2008.8359	1237678906245906554
001.15344100	+10.12228400	VizieR	1	+	6	J000436.82+100720.2	 	Im	001.153441	+10.122284	 	18.283	0.019	16.926	0.004	16.442	0.004	16.268	0.005	16.197	0.008	3	2008.8359	1237678906783039581
001.15004700	+09.99655200	VizieR	1	+	6	J000436.01+095947.5	 	Im	001.150047	+09.996552	 	18.165	0.018	16.913	0.004	16.435	0.004	16.255	0.005	16.178	0.008	3	2008.8359	1237678906783039504
001.13665500	+10.10941800	VizieR	1	+	6	J000432.79+100633.9	 	Im	001.136655	+10.109418	 	20.158	0.062	17.768	0.006	16.696	0.005	16.297	0.005	16.069	0.008	3	2008.8359	1237678906783039650
001.13498800	+10.09586800	VizieR	1	+	6	J000432.39+100545.1	 	Im	001.134988	+10.095868	 	16.767	0.008	15.600	0.003	15.174	0.004	15.006	0.004	14.963	0.005	3	2008.8359	1237678906783039501
001.11634400	+10.04734800	VizieR	1	+	6	J000427.92+100250.4	 	Im	001.116344	+10.047348	 	19.244	0.033	17.385	0.005	16.576	0.005	16.251	0.005	16.093	0.008	3	2008.8359	1237678906783039644
001.09680700	+10.13814800	VizieR	1	+	6	J000423.23+100817.3	 	Im	001.096807	+10.138148	 	18.534	0.021	17.070	0.004	16.484	0.004	16.252	0.005	16.158	0.008	3	2008.8359	1237678906783039490
001.09351800	+09.91015900	VizieR	1	+	6	J000422.44+095436.5	 	Im	001.093518	+09.910159	 	19.193	0.024	16.977	0.005	16.035	0.006	15.679	0.006	15.455	0.006	3	2008.9968	1237679318552936517
001.09247600	+10.01717200	VizieR	1	+	6	J000422.19+100101.8	 	Im	001.092476	+10.017172	 	18.699	0.024	16.669	0.004	15.855	0.004	15.538	0.004	15.383	0.006	3	2008.8359	1237678906783039640
001.08984800	+09.91243500	VizieR	1	+	6	J000421.56+095444.7	 	Im	001.089848	+09.912435	 	18.044	0.013	16.793	0.005	16.329	0.006	16.169	0.006	16.092	0.008	3	2008.9968	1237679318552936518
001.07631000	+10.05260100	VizieR	1	+	6	J000418.31+100309.3	 	Im	001.076310	+10.052601	 	16.667	0.008	15.534	0.003	15.262	0.004	15.165	0.004	15.176	0.006	3	2008.8359	1237678906782974035
001.05755400	+10.01062600	VizieR	1	+	6	J000413.81+100038.2	 	Im	001.057554	+10.010626	 	17.432	0.012	15.974	0.004	15.418	0.004	15.190	0.004	15.092	0.005	3	2008.8359	1237678906782974027
001.05096900	+10.17006100	VizieR	1	+	6	J000412.23+101012.2	 	Im	001.050969	+10.170061	 	17.813	0.014	16.607	0.004	16.073	0.004	15.816	0.004	15.711	0.007	3	2008.8359	1237678906782974021
001.05067400	+10.07785100	VizieR	1	+	6	J000412.16+100440.2	 	Im	001.050674	+10.077851	 	20.869	0.105	18.122	0.006	16.945	0.005	16.517	0.005	16.296	0.009	3	2008.8359	1237678906782974109
001.04878600	+10.19632200	VizieR	1	+	6	J000411.70+101146.7	 	Im	001.048786	+10.196322	 	19.067	0.023	17.402	0.005	16.738	0.006	16.519	0.006	16.407	0.009	3	2008.9968	1237679319089807499
001.03902300	+09.92591300	VizieR	1	+	6	J000409.36+095533.2	 	Im	001.039023	+09.925913	 	16.821	0.008	15.685	0.004	15.229	0.005	14.993	0.005	14.982	0.005	3	2008.9968	1237679318552936471
001.03900700	+10.07864200	VizieR	1	+	6	J000409.36+100443.1	 	Im	001.039007	+10.078642	 	16.779	0.009	15.630	0.003	15.305	0.004	15.184	0.004	15.167	0.006	3	2008.8359	1237678906782974016
001.02690700	+10.10577600	VizieR	1	+	6	J000406.45+100620.7	 	Im	001.026907	+10.105776	 	18.068	0.016	16.606	0.004	16.079	0.004	15.876	0.005	15.785	0.007	3	2008.8359	1237678906782974012
001.02210800	+10.12878500	VizieR	1	+	6	J000405.30+100743.6	 	Im	001.022108	+10.128785	 	19.205	0.032	16.969	0.004	16.114	0.004	15.800	0.005	15.635	0.007	3	2008.8359	1237678906782974097
001.02158200	+10.15227100	VizieR	1	+	6	J000405.18+100908.1	 	Im	001.021582	+10.152271	 	18.151	0.017	16.781	0.004	16.243	0.004	16.013	0.005	15.921	0.007	3	2008.8359	1237678906782974008
001.01521800	+10.10559400	VizieR	1	+	6	J000403.65+100620.1	 	Im	001.015218	+10.105594	 	17.383	0.011	16.056	0.004	15.564	0.004	15.370	0.004	15.315	0.006	3	2008.8359	1237678906782974004
001.01429800	+10.15331500	VizieR	1	+	6	J000403.43+100911.9	 	Im	001.014298	+10.153315	 	18.762	0.024	17.302	0.005	16.743	0.005	16.523	0.005	16.421	0.010	3	2008.8359	1237678906782974087
000.98622700	+10.16674400	VizieR	1	+	6	J000356.69+101000.2	 	Im	000.986227	+10.166744	 	18.474	0.021	17.278	0.005	16.823	0.005	16.639	0.005	16.585	0.010	3	2008.8359	1237678906782973994
000.97195700	+09.96106300	VizieR	1	+	6	J000353.27+095739.8	 	Im	000.971957	+09.961063	 	18.194	0.014	16.366	0.005	15.653	0.005	15.442	0.006	15.331	0.006	3	2008.9968	1237679318552870978
000.96935900	+10.18923100	VizieR	1	+	6	J000352.64+101121.2	 	Im	000.969359	+10.189231	 	19.481	0.029	17.623	0.006	16.866	0.006	16.596	0.006	16.464	0.009	3	2008.9968	1237679319089742058
000.96201300	+10.06254900	VizieR	1	+	6	J000350.88+100345.1	 	Im	000.962013	+10.062549	 	20.283	0.066	17.831	0.006	16.823	0.005	16.480	0.005	16.307	0.009	3	2008.8359	1237678906782974059
000.96155200	+10.11625200	VizieR	1	+	6	J000350.77+100658.5	 	Im	000.961552	+10.116252	 	19.426	0.037	17.326	0.005	16.522	0.004	16.221	0.005	16.080	0.008	3	2008.8359	1237678906782974063
000.96041800	+10.12769200	VizieR	1	+	6	J000350.50+100739.6	 	Im	000.960418	+10.127692	 	18.553	0.022	17.202	0.005	16.676	0.005	16.448	0.005	16.364	0.009	3	2008.8359	1237678906782973991
000.95629700	+10.14782800	VizieR	1	+	6	J000349.51+100852.1	 	Im	000.956297	+10.147828	 	17.596	0.013	15.730	0.004	15.076	0.004	14.864	0.004	14.758	0.005	3	2008.8359	1237678906782973975
000.94983400	+10.03723000	VizieR	1	+	6	J000347.96+100214.0	 	Im	000.949834	+10.037230	 	18.056	0.016	16.652	0.004	16.094	0.004	15.867	0.005	15.771	0.007	3	2008.8359	1237678906782973965
000.94828400	+09.96222900	VizieR	1	+	6	J000347.58+095744.0	 	Im	000.948284	+09.962229	 	17.438	0.010	16.280	0.004	15.765	0.005	15.577	0.006	15.476	0.006	3	2008.9968	1237679318552870960
000.93834700	+10.16035400	VizieR	1	+	6	J000345.20+100937.2	 	Im	000.938347	+10.160354	 	19.441	0.037	16.984	0.004	15.866	0.004	15.419	0.004	15.158	0.006	3	2008.8359	1237678906782908578
000.92521500	+10.07088300	VizieR	1	 	6	J000342.05+100415.1	 	Im	000.925215	+10.070883	 	16.373	0.009	15.223	0.005	15.731	0.015	13.625	0.003	14.098	0.007	3	2008.8359	1237678906782908480
000.89421700	+09.96094800	VizieR	1	+	6	J000334.61+095739.4	 	Im	000.894217	+09.960948	 	18.258	0.015	17.234	0.005	16.744	0.006	16.562	0.006	16.449	0.009	3	2008.9968	1237679318552870923
000.89288600	+09.98802300	VizieR	1	+	6	J000334.29+095916.8	 	Im	000.892886	+09.988023	 	20.309	0.064	17.243	0.005	15.867	0.004	14.975	0.004	14.480	0.005	3	2008.8359	1237678906782908551
000.89276100	+10.06605500	VizieR	1	+	6	J000334.26+100357.8	 	Im	000.892761	+10.066055	 	19.680	0.042	16.966	0.004	15.739	0.004	15.280	0.004	15.034	0.005	3	2008.8359	1237678906782908563
000.87826700	+09.93559800	VizieR	1	+	6	J000330.78+095608.1	 	Im	000.878267	+09.935598	 	17.526	0.011	16.289	0.004	15.776	0.005	15.555	0.006	15.380	0.006	3	2008.9968	1237679318552870915
000.87529900	+10.18586300	VizieR	1	+	6	J000330.07+101109.1	 	Im	000.875299	+10.185863	 	16.839	0.008	15.665	0.004	15.263	0.005	15.690	0.005	15.051	0.006	3	2008.9968	1237679319089741834
000.87270900	+09.99422300	VizieR	1	+	6	J000329.45+095939.2	 	Im	000.872709	+09.994223	 	20.807	0.093	18.231	0.007	16.737	0.005	15.889	0.005	15.424	0.006	3	2008.8359	1237678906782908539
000.86073300	+10.07890000	VizieR	1	+	6	J000326.57+100444.0	 	Im	000.860733	+10.078900	 	18.163	0.017	16.860	0.004	16.313	0.004	16.090	0.005	16.003	0.008	3	2008.8359	1237678906782908469
000.86012500	+10.09607100	VizieR	1	+	6	J000326.43+100545.8	 	Im	000.860125	+10.096071	 	19.222	0.032	17.349	0.005	16.574	0.004	16.297	0.005	16.150	0.008	3	2008.8359	1237678906782908524
000.85262400	+09.94350100	VizieR	1	+	6	J000324.63+095636.6	 	Im	000.852624	+09.943501	 	17.380	0.010	16.035	0.004	15.494	0.005	15.314	0.006	15.206	0.006	3	2008.9968	1237679318552805462
000.84649800	+10.14044200	VizieR	1	+	6	J000323.15+100825.5	 	Im	000.846498	+10.140442	 	18.196	0.017	16.544	0.004	15.871	0.004	15.626	0.004	15.503	0.006	3	2008.8359	1237678906782908466
000.83716100	+10.17386700	VizieR	1	+	6	J000320.91+101025.9	 	Im	000.837161	+10.173867	 	20.141	0.059	17.836	0.006	16.856	0.005	16.474	0.005	16.237	0.009	3	2008.8359	1237678906782908515
000.82741400	+10.09244200	VizieR	1	+	6	J000318.57+100532.7	 	Im	000.827414	+10.092442	 	18.396	0.019	17.002	0.004	16.408	0.004	16.169	0.005	16.043	0.008	3	2008.8359	1237678906782908455
000.81684600	+09.97418600	VizieR	1	+	6	J000316.04+095827.0	 	Im	000.816846	+09.974186	 	18.225	0.017	17.202	0.005	16.830	0.005	16.680	0.005	16.601	0.011	3	2008.8359	1237678906782908451
000.81205700	+09.99859700	VizieR	1	+	6	J000314.89+095954.9	 	Im	000.812057	+09.998597	 	18.380	0.019	16.389	0.004	15.628	0.004	15.366	0.004	15.227	0.006	3	2008.8359	1237678906782908445
000.80821900	+10.00432800	VizieR	1	+	6	J000313.97+100015.5	 	Im	000.808219	+10.004328	 	19.779	0.045	17.397	0.005	16.426	0.004	16.066	0.005	15.873	0.007	3	2008.8359	1237678906782908498
000.80669100	+10.11245100	VizieR	1	+	6	J000313.60+100644.8	 	Im	000.806691	+10.112451	 	17.207	0.011	15.962	0.004	15.456	0.004	15.272	0.004	15.204	0.006	3	2008.8359	1237678906782908441
000.78617200	+09.92269600	VizieR	1	+	6	J000308.68+095521.7	 	Im	000.786172	+09.922696	 	18.567	0.017	16.806	0.004	16.136	0.005	15.824	0.006	15.736	0.007	3	2008.9968	1237679318552805439
000.77515800	+10.12933900	VizieR	1	+	6	J000306.03+100745.6	 	Im	000.775158	+10.129339	 	17.896	0.015	16.345	0.004	15.704	0.004	15.462	0.004	15.342	0.006	3	2008.8359	1237678906782842915
000.77014900	+09.96430900	VizieR	1	+	6	J000304.83+095751.5	 	Im	000.770149	+09.964309	 	19.973	0.037	17.671	0.005	16.633	0.006	16.238	0.006	15.984	0.008	3	2008.9968	1237679318552805494
000.76389200	+10.06168600	VizieR	1	+	6	J000303.33+100342.0	 	Im	000.763892	+10.061686	 	18.495	0.020	16.828	0.004	16.163	0.004	15.899	0.004	15.783	0.007	3	2008.8359	1237678906782842913
000.75497500	+09.93043300	VizieR	1	+	6	J000301.19+095549.5	 	Im	000.754975	+09.930433	 	20.084	0.039	17.436	0.005	16.410	0.006	16.064	0.006	15.863	0.007	3	2008.9968	1237679318552805489
000.73438800	+10.11645800	VizieR	1	+	6	J000256.25+100659.2	 	Im	000.734388	+10.116458	 	18.394	0.019	17.156	0.005	16.676	0.004	16.482	0.005	16.397	0.009	3	2008.8359	1237678906782842910
000.73138200	+09.92423500	VizieR	1	+	6	J000255.53+095527.2	 	Im	000.731382	+09.924235	 	19.216	0.024	17.377	0.005	16.618	0.006	16.353	0.006	16.189	0.008	3	2008.9968	1237679318552805384
000.71833400	+10.04257900	VizieR	1	+	6	J000252.40+100233.2	 	Im	000.718334	+10.042579	 	19.517	0.037	17.631	0.005	16.855	0.005	16.542	0.005	16.365	0.009	3	2008.8359	1237678906782842955
000.70666100	+10.14265500	VizieR	1	+	6	J000249.59+100833.5	 	Im	000.706661	+10.142655	 	17.692	0.013	16.488	0.004	16.017	0.004	15.829	0.004	15.750	0.007	3	2008.8359	1237678906782842906
000.67738500	+10.05436800	VizieR	1	+	6	J000242.57+100315.7	 	Im	000.677385	+10.054368	 	21.256	0.131	18.378	0.007	16.934	0.005	16.310	0.005	15.951	0.008	3	2008.8359	1237678906782842934
000.65842500	+09.96816900	VizieR	1	+	6	J000238.02+095805.4	 	Im	000.658425	+09.968169	 	18.111	0.014	16.375	0.004	15.692	0.005	15.452	0.006	15.296	0.006	3	2008.9968	1237679318552739910
000.63154700	+09.93726700	VizieR	1	+	6	J000231.57+095614.1	 	Im	000.631547	+09.937267	 	18.130	0.014	17.098	0.005	16.706	0.006	16.794	0.006	16.445	0.009	3	2008.9968	1237679318552739871
000.62293100	+09.98590100	VizieR	1	+	6	J000229.50+095909.2	 	Im	000.622931	+09.985901	 	19.062	0.029	17.432	0.005	16.808	0.005	16.538	0.005	16.384	0.009	3	2008.8359	1237678906782777469
000.61913500	+10.01531900	VizieR	1	+	6	J000228.59+100055.1	 	Im	000.619135	+10.015319	 	18.288	0.018	16.593	0.004	15.929	0.004	15.660	0.004	15.508	0.006	3	2008.8359	1237678906782777394
000.61426500	+10.19024700	VizieR	1	+	6	J000227.42+101124.8	 	Im	000.614265	+10.190247	 	18.398	0.016	16.282	0.004	15.386	0.005	21.100	0.088	14.904	0.006	3	2008.9968	1237679319089610778
000.60248100	+10.19339100	VizieR	1	+	6	J000224.59+101136.2	 	Im	000.602481	+10.193391	 	17.638	0.011	16.396	0.004	15.871	0.005	15.681	0.006	15.589	0.007	3	2008.9968	1237679319089610770
000.58712100	+10.09387100	VizieR	1	+	6	J000220.90+100537.9	 	Im	000.587121	+10.093871	 	18.425	0.020	16.820	0.004	16.152	0.004	15.898	0.004	15.774	0.007	3	2008.8359	1237678906782777383
